0.,0.4254031624329745506772877368352696506292980451703
0.01,0.4254031624329745506772877368352696506292980451703
0.2606015037593984962406015037593984962406015037594,0.41718076360972491859579316358855903250149178669928
0.5112030075187969924812030075187969924812030075188,0.3945060572573301261876882916241588474056007494988
0.7618045112781954887218045112781954887218045112782,0.3597636335330085618791946242277335281060403583663
1.0124060150375939849624060150375939849624060150376,0.3165500985015153909433271567037744928001069674023
1.263007518796992481203007518796992481203007518797,0.26914191587997020938226528702118270309665448385076
1.5136090225563909774436090225563909774436090225564,0.2217267310918009139496004556740985279070197603813
1.7642105263157894736842105263157894736842105263158,0.1776737180113221263606282510707376428371470014316
2.0148120300751879699248120300751879699248120300752,0.1391160872238970782515644523130868882716102048419
2.2654135338345864661654135338345864661654135338346,0.10694045412071333189844717415887356943930681862464
2.516015037593984962406015037593984962406015037594,0.08106951127723480868127615020725247016104016194583
2.7666165413533834586466165413533834586466165413534,0.06084340010217214640898987883031832882964956304351
3.0172180451127819548872180451127819548872180451128,0.04535177659215479868636033192819920080502426998484
3.2678195488721804511278195488721804511278195488722,0.03365747694397115370102252171856115640057576306778
3.5184210526315789473684210526315789473684210526316,0.02491665317078927471304114907521850101989454123654
3.769022556390977443609022556390977443609022556391,0.01842519156380413081895167685725871920713632438309
4.0196240601503759398496240601503759398496240601504,0.01362287393193520764684585356496221097586725382154
4.2702255639097744360902255639097744360902255639098,0.01007740891977663917882126868064630799230331372238
4.5208270676691729323308270676691729323308270676692,0.00746183481194647886892759573940496229502085671746
4.7714285714285714285714285714285714285714285714286,0.005531950450741568904825729146317163454529064250383
5.022030075187969924812030075187969924812030075188,0.004106963574550362081384290750116495221623595215435
5.2726315789473684210526315789473684210526315789474,0.003053628017265396574009896586462658776748975980817
5.5232330827067669172932330827067669172932330827068,0.002273835878876967423181407380511585643457234964633
5.7738345864661654135338345864661654135338345864662,0.001695730533857156530174780701174218959081726016832
6.0244360902255639097744360902255639097744360902256,0.001266493196881922345897952786654590158662574607064
6.275037593984962406015037593984962406015037593985,0.00094724461317558753835989428802264983548164532383
6.5256390977443609022556390977443609022556390977444,0.000709439582261176453973784302354280548565959682386
6.7762406015037593984962406015037593984962406015038,0.000532045197899878939302316394232609098096510641035
7.0268421052631578947368421052631578947368421052632,0.0003994978765129092116138093762075845876736326203708
7.2774436090225563909774436090225563909774436090226,0.0003003122628726001315920006890610227987919298653569
7.528045112781954887218045112781954887218045112782,0.0002260128072327186193742207509872090084616904695148
7.7786466165413533834586466165413533834586466165414,0.0001702880098891421230560894575631488897679856332195
8.0292481203007518796992481203007518796992481203008,0.0001284279059748043397724862031257350753346587278418
8.2798496240601503759398496240601503759398496240602,0.0000969362602416453028645521485202799925511445340843
8.5304511278195488721804511278195488721804511278195,0.00007323342870998976890109525860859673425336262212755
8.7810526315789473684210526315789473684210526315789,0.0000553791951636790283619403185207487830553058295957
9.0316541353383458646616541353383458646616541353383,0.0000419157831681429297044118895798877345920762434375
9.2822556390977443609022556390977443609022556390977,0.00003174836549516854718158248834497699377625263784305
9.5328571428571428571428571428571428571428571428571,0.00002406124166612076860534116212597486391023890878209
9.7834586466165413533834586466165413533834586466165,0.00001824936080508760746748533164237822870099362777916
10.0340601503759398496240601503759398496240601503759,0.00001385345795979099684546699698186486953973891292513
10.2846616541353383458646616541353383458646616541353,0.00001052568696772767362949179293179528634048430897726
10.5352631578947368421052631578947368421052631578947,8.00394871860917407607687175778282369986491588611e-6
10.7858646616541353383458646616541353383458646616541,6.09160773573084695500672052169845407640873252159e-6
11.0364661654135338345864661654135338345864661654135,4.642137106853796583405965474010130602744871803798e-6
11.2870676691729323308270676691729323308270676691729,3.54424819217730489185959637724578497809216352902e-6
11.5376691729323308270676691729323308270676691729323,2.7131497596903498216696725865279495377487148191e-6
11.7882706766917293233082706766917293233082706766917,2.084869467890731841244141635009171925836450788837e-6
12.0388721804511278195488721804511278195488721804511,1.611287087062907813194775766424049384229556229258e-6
12.2894736842105263157894736842105263157894736842105,1.256643095875640776398062804501861270642787304337e-6
12.5400751879699248120300751879699248120300751879699,9.94105207830736835338473911760044022563101670006e-7
12.7906766917293233082706766917293233082706766917293,8.03450704928990515347370246151409137400777884098e-7
13.0412781954887218045112781954887218045112781954887,6.69855351685791421042390354755336350129163642948e-7
13.2918796992481203007518796992481203007518796992481,5.82698033136884763193781174523954136723939477036e-7
13.5424812030075187969924812030075187969924812030075,5.348388382566759097185026096445506821216317304613e-7
13.7930827067669172932330827067669172932330827067669,5.21919829470178803705289521866611070981181012067e-7
14.0436842105263157894736842105263157894736842105263,5.41858917631552871135333398320049520303073300355e-7
14.2942857142857142857142857142857142857142857142857,5.94717813468816385263468577777368579026364706845e-7
14.5448872180451127819548872180451127819548872180451,6.82607181358332665215494937970122846752629045281e-7
14.7954887218045112781954887218045112781954887218045,8.09844179184925647611692153344452055205159045366e-7
15.0460902255639097744360902255639097744360902255639,9.83137671957896807678834649333707954091319680676e-7
15.2966917293233082706766917293233082706766917293233,1.21185725840332870112314212840345541285477026548e-6
15.5472932330827067669172932330827067669172932330827,1.50855942216042092824334233727314698034535400701e-6
15.7978947368421052631578947368421052631578947368421,1.88949781065411615923954048124176647027390625237e-6
16.0484962406015037593984962406015037593984962406015,2.375798466583477789437480151081863295182891720101e-6
16.2990977443609022556390977443609022556390977443609,2.994786288155755616968939581282619271166352084804e-6
16.5496992481203007518796992481203007518796992481203,3.7813245697744055169444376919390049796048371863e-6
16.8003007518796992481203007518796992481203007518797,4.77972883175902086121440734507421485197421142922e-6
17.0509022556390977443609022556390977443609022556391,6.04608552754920455143645185971899387617389573445e-6
17.3015037593984962406015037593984962406015037593985,7.65157801459475016684948848790888775458023769884e-6
17.5521052631578947368421052631578947368421052631579,9.6872057969354798742091861454552798323420019734e-6
17.8027067669172932330827067669172932330827067669173,0.0000122686210861237615704921788439098178828788112873
18.0533082706766917293233082706766917293233082706767,0.00001554245599471565437804006274375333702513309235
18.3039097744360902255639097744360902255639097744361,0.0000196941241813938960113572653562070834698449580717
18.5545112781954887218045112781954887218045112781955,0.00002495918501360264565328127770961427335841114122019
18.8051127819548872180451127819548872180451127819549,0.00003163820975868653672710782562681172162375417566803
19.0557142857142857142857142857142857142857142857143,0.0000401127017643305719892550981897845193158636528636
19.3063157894736842105263157894736842105263157894737,0.0000508666104111724149801394236779794928256002051735
19.5569172932330827067669172932330827067669172932331,0.0000645117711480577056805935871919768151219671794701
19.8075187969924812030075187969924812030075187969925,0.000081828432083864549646866727323959926875087147923
20.0581203007518796992481203007518796992481203007519,0
20.3087218045112781954887218045112781954887218045113,0
20.5593233082706766917293233082706766917293233082707,0
20.8099248120300751879699248120300751879699248120301,0
21.0605263157894736842105263157894736842105263157895,0
21.3111278195488721804511278195488721804511278195489,0
21.5617293233082706766917293233082706766917293233083,0
21.8123308270676691729323308270676691729323308270677,0
22.0629323308270676691729323308270676691729323308271,0
22.3135338345864661654135338345864661654135338345865,0
22.5641353383458646616541353383458646616541353383459,0
22.8147368421052631578947368421052631578947368421053,0
23.0653383458646616541353383458646616541353383458647,0
23.3159398496240601503759398496240601503759398496241,0
23.5665413533834586466165413533834586466165413533835,0
23.8171428571428571428571428571428571428571428571429,0
24.0677443609022556390977443609022556390977443609023,0
24.3183458646616541353383458646616541353383458646617,0
24.5689473684210526315789473684210526315789473684211,0
24.8195488721804511278195488721804511278195488721805,0
25.0701503759398496240601503759398496240601503759398,0
25.3207518796992481203007518796992481203007518796992,0
25.5713533834586466165413533834586466165413533834586,0
25.821954887218045112781954887218045112781954887218,0
26.0725563909774436090225563909774436090225563909774,0
26.3231578947368421052631578947368421052631578947368,0
26.5737593984962406015037593984962406015037593984962,0
26.8243609022556390977443609022556390977443609022556,0
27.074962406015037593984962406015037593984962406015,0
27.3255639097744360902255639097744360902255639097744,0
27.5761654135338345864661654135338345864661654135338,0
27.8267669172932330827067669172932330827067669172932,0
28.0773684210526315789473684210526315789473684210526,0
28.327969924812030075187969924812030075187969924812,0
28.5785714285714285714285714285714285714285714285714,0
28.8291729323308270676691729323308270676691729323308,0
29.0797744360902255639097744360902255639097744360902,0
29.3303759398496240601503759398496240601503759398496,0
29.580977443609022556390977443609022556390977443609,0
29.8315789473684210526315789473684210526315789473684,0
30.0821804511278195488721804511278195488721804511278,0
30.3327819548872180451127819548872180451127819548872,0
30.5833834586466165413533834586466165413533834586466,0
30.833984962406015037593984962406015037593984962406,0
31.0845864661654135338345864661654135338345864661654,0
31.3351879699248120300751879699248120300751879699248,0
31.5857894736842105263157894736842105263157894736842,0
31.8363909774436090225563909774436090225563909774436,0
32.086992481203007518796992481203007518796992481203,0
32.3375939849624060150375939849624060150375939849624,0
32.5881954887218045112781954887218045112781954887218,0
32.8387969924812030075187969924812030075187969924812,0
33.0893984962406015037593984962406015037593984962406,0
33.34,0
33.5906015037593984962406015037593984962406015037594,0
33.8412030075187969924812030075187969924812030075188,0
34.0918045112781954887218045112781954887218045112782,0
34.3424060150375939849624060150375939849624060150376,0
34.593007518796992481203007518796992481203007518797,0
34.8436090225563909774436090225563909774436090225564,0
35.0942105263157894736842105263157894736842105263158,0
35.3448120300751879699248120300751879699248120300752,0
35.5954135338345864661654135338345864661654135338346,0
35.846015037593984962406015037593984962406015037594,0
36.0966165413533834586466165413533834586466165413534,0
36.3472180451127819548872180451127819548872180451128,0
36.5978195488721804511278195488721804511278195488722,0
36.8484210526315789473684210526315789473684210526316,0
37.099022556390977443609022556390977443609022556391,0
37.3496240601503759398496240601503759398496240601504,0
37.6002255639097744360902255639097744360902255639098,0
37.8508270676691729323308270676691729323308270676692,0
38.1014285714285714285714285714285714285714285714286,0
38.352030075187969924812030075187969924812030075188,0
38.6026315789473684210526315789473684210526315789474,0
38.8532330827067669172932330827067669172932330827068,0
39.1038345864661654135338345864661654135338345864662,0
39.3544360902255639097744360902255639097744360902256,0
39.605037593984962406015037593984962406015037593985,0
39.8556390977443609022556390977443609022556390977444,0
40.1062406015037593984962406015037593984962406015038,0
40.3568421052631578947368421052631578947368421052632,0
40.6074436090225563909774436090225563909774436090226,0
40.858045112781954887218045112781954887218045112782,0
41.1086466165413533834586466165413533834586466165414,0
41.3592481203007518796992481203007518796992481203008,0
41.6098496240601503759398496240601503759398496240602,0
41.8604511278195488721804511278195488721804511278195,0
42.1110526315789473684210526315789473684210526315789,0
42.3616541353383458646616541353383458646616541353383,0
42.6122556390977443609022556390977443609022556390977,0
42.8628571428571428571428571428571428571428571428571,0
43.1134586466165413533834586466165413533834586466165,0
43.3640601503759398496240601503759398496240601503759,0
43.6146616541353383458646616541353383458646616541353,0
43.8652631578947368421052631578947368421052631578947,0
44.1158646616541353383458646616541353383458646616541,0
44.3664661654135338345864661654135338345864661654135,0
44.6170676691729323308270676691729323308270676691729,0
44.8676691729323308270676691729323308270676691729323,0
45.1182706766917293233082706766917293233082706766917,0
45.3688721804511278195488721804511278195488721804511,0
45.6194736842105263157894736842105263157894736842105,0
45.8700751879699248120300751879699248120300751879699,0
46.1206766917293233082706766917293233082706766917293,0
46.3712781954887218045112781954887218045112781954887,0
46.6218796992481203007518796992481203007518796992481,0
46.8724812030075187969924812030075187969924812030075,0
47.1230827067669172932330827067669172932330827067669,0
47.3736842105263157894736842105263157894736842105263,0
47.6242857142857142857142857142857142857142857142857,0
47.8748872180451127819548872180451127819548872180451,0
48.1254887218045112781954887218045112781954887218045,0
48.3760902255639097744360902255639097744360902255639,0
48.6266917293233082706766917293233082706766917293233,0
48.8772932330827067669172932330827067669172932330827,0
49.1278947368421052631578947368421052631578947368421,0
49.3784962406015037593984962406015037593984962406015,0
49.6290977443609022556390977443609022556390977443609,0
49.8796992481203007518796992481203007518796992481203,0
50.1303007518796992481203007518796992481203007518797,0
50.3809022556390977443609022556390977443609022556391,0
50.6315037593984962406015037593984962406015037593985,0
50.8821052631578947368421052631578947368421052631579,0
51.1327067669172932330827067669172932330827067669173,0
51.3833082706766917293233082706766917293233082706767,0
51.6339097744360902255639097744360902255639097744361,0
51.8845112781954887218045112781954887218045112781955,0
52.1351127819548872180451127819548872180451127819549,0
52.3857142857142857142857142857142857142857142857143,0
52.6363157894736842105263157894736842105263157894737,0
52.8869172932330827067669172932330827067669172932331,0
53.1375187969924812030075187969924812030075187969925,0
53.3881203007518796992481203007518796992481203007519,0
53.6387218045112781954887218045112781954887218045113,0
53.8893233082706766917293233082706766917293233082707,0
54.1399248120300751879699248120300751879699248120301,0
54.3905263157894736842105263157894736842105263157895,0
54.6411278195488721804511278195488721804511278195489,0
54.8917293233082706766917293233082706766917293233083,0
55.1423308270676691729323308270676691729323308270677,0
55.3929323308270676691729323308270676691729323308271,0
55.6435338345864661654135338345864661654135338345865,0
55.8941353383458646616541353383458646616541353383459,0
56.1447368421052631578947368421052631578947368421053,0
56.3953383458646616541353383458646616541353383458647,0
56.6459398496240601503759398496240601503759398496241,0
56.8965413533834586466165413533834586466165413533835,0
57.1471428571428571428571428571428571428571428571429,0
57.3977443609022556390977443609022556390977443609023,0
57.6483458646616541353383458646616541353383458646617,0
57.8989473684210526315789473684210526315789473684211,0
58.1495488721804511278195488721804511278195488721805,0
58.4001503759398496240601503759398496240601503759398,0
58.6507518796992481203007518796992481203007518796992,0
58.9013533834586466165413533834586466165413533834586,0
59.151954887218045112781954887218045112781954887218,0
59.4025563909774436090225563909774436090225563909774,0
59.6531578947368421052631578947368421052631578947368,0
59.9037593984962406015037593984962406015037593984962,0
60.1543609022556390977443609022556390977443609022556,0
60.404962406015037593984962406015037593984962406015,0
60.6555639097744360902255639097744360902255639097744,0
60.9061654135338345864661654135338345864661654135338,0
61.1567669172932330827067669172932330827067669172932,0
61.4073684210526315789473684210526315789473684210526,0
61.657969924812030075187969924812030075187969924812,0
61.9085714285714285714285714285714285714285714285714,0
62.1591729323308270676691729323308270676691729323308,0
62.4097744360902255639097744360902255639097744360902,0
62.6603759398496240601503759398496240601503759398496,0
62.910977443609022556390977443609022556390977443609,0
63.1615789473684210526315789473684210526315789473684,0
63.4121804511278195488721804511278195488721804511278,0
63.6627819548872180451127819548872180451127819548872,0
63.9133834586466165413533834586466165413533834586466,0
64.163984962406015037593984962406015037593984962406,0
64.4145864661654135338345864661654135338345864661654,0
64.6651879699248120300751879699248120300751879699248,0
64.9157894736842105263157894736842105263157894736842,0
65.1663909774436090225563909774436090225563909774436,0
65.416992481203007518796992481203007518796992481203,0
65.6675939849624060150375939849624060150375939849624,0
65.9181954887218045112781954887218045112781954887218,0
66.1687969924812030075187969924812030075187969924812,0
66.4193984962406015037593984962406015037593984962406,0
66.67,0
66.9206015037593984962406015037593984962406015037594,0
67.1712030075187969924812030075187969924812030075188,0
67.4218045112781954887218045112781954887218045112782,0
67.6724060150375939849624060150375939849624060150376,0
67.923007518796992481203007518796992481203007518797,0
68.1736090225563909774436090225563909774436090225564,0
68.4242105263157894736842105263157894736842105263158,0
68.6748120300751879699248120300751879699248120300752,0
68.9254135338345864661654135338345864661654135338346,0
69.176015037593984962406015037593984962406015037594,0
69.4266165413533834586466165413533834586466165413534,0
69.6772180451127819548872180451127819548872180451128,0
69.9278195488721804511278195488721804511278195488722,0
70.1784210526315789473684210526315789473684210526316,0
70.429022556390977443609022556390977443609022556391,0
70.6796240601503759398496240601503759398496240601504,0
70.9302255639097744360902255639097744360902255639098,0
71.1808270676691729323308270676691729323308270676692,0
71.4314285714285714285714285714285714285714285714286,0
71.682030075187969924812030075187969924812030075188,0
71.9326315789473684210526315789473684210526315789474,0
72.1832330827067669172932330827067669172932330827068,0
72.4338345864661654135338345864661654135338345864662,0
72.6844360902255639097744360902255639097744360902256,0
72.935037593984962406015037593984962406015037593985,0
73.1856390977443609022556390977443609022556390977444,0
73.4362406015037593984962406015037593984962406015038,0
73.6868421052631578947368421052631578947368421052632,0
73.9374436090225563909774436090225563909774436090226,0
74.188045112781954887218045112781954887218045112782,0
74.4386466165413533834586466165413533834586466165414,0
74.6892481203007518796992481203007518796992481203008,0
74.9398496240601503759398496240601503759398496240602,0
75.1904511278195488721804511278195488721804511278195,0
75.4410526315789473684210526315789473684210526315789,0
75.6916541353383458646616541353383458646616541353383,0
75.9422556390977443609022556390977443609022556390977,0
76.1928571428571428571428571428571428571428571428571,0
76.4434586466165413533834586466165413533834586466165,0
76.6940601503759398496240601503759398496240601503759,0
76.9446616541353383458646616541353383458646616541353,0
77.1952631578947368421052631578947368421052631578947,0
77.4458646616541353383458646616541353383458646616541,0
77.6964661654135338345864661654135338345864661654135,0
77.9470676691729323308270676691729323308270676691729,0
78.1976691729323308270676691729323308270676691729323,0
78.4482706766917293233082706766917293233082706766917,0
78.6988721804511278195488721804511278195488721804511,0
78.9494736842105263157894736842105263157894736842105,0
79.2000751879699248120300751879699248120300751879699,0
79.4506766917293233082706766917293233082706766917293,0
79.7012781954887218045112781954887218045112781954887,0
79.9518796992481203007518796992481203007518796992481,0
80.2024812030075187969924812030075187969924812030075,0
80.4530827067669172932330827067669172932330827067669,0
80.7036842105263157894736842105263157894736842105263,0
80.9542857142857142857142857142857142857142857142857,0
81.2048872180451127819548872180451127819548872180451,0
81.4554887218045112781954887218045112781954887218045,0
81.7060902255639097744360902255639097744360902255639,0
81.9566917293233082706766917293233082706766917293233,0
82.2072932330827067669172932330827067669172932330827,0
82.4578947368421052631578947368421052631578947368421,0
82.7084962406015037593984962406015037593984962406015,0
82.9590977443609022556390977443609022556390977443609,0
83.2096992481203007518796992481203007518796992481203,0
83.4603007518796992481203007518796992481203007518797,0
83.7109022556390977443609022556390977443609022556391,0
83.9615037593984962406015037593984962406015037593985,0
84.2121052631578947368421052631578947368421052631579,0
84.4627067669172932330827067669172932330827067669173,0
84.7133082706766917293233082706766917293233082706767,0
84.9639097744360902255639097744360902255639097744361,0
85.2145112781954887218045112781954887218045112781955,0
85.4651127819548872180451127819548872180451127819549,0
85.7157142857142857142857142857142857142857142857143,0
85.9663157894736842105263157894736842105263157894737,0
86.2169172932330827067669172932330827067669172932331,0
86.4675187969924812030075187969924812030075187969925,0
86.7181203007518796992481203007518796992481203007519,0
86.9687218045112781954887218045112781954887218045113,0
87.2193233082706766917293233082706766917293233082707,0
87.4699248120300751879699248120300751879699248120301,0
87.7205263157894736842105263157894736842105263157895,0
87.9711278195488721804511278195488721804511278195489,0
88.2217293233082706766917293233082706766917293233083,0
88.4723308270676691729323308270676691729323308270677,0
88.7229323308270676691729323308270676691729323308271,0
88.9735338345864661654135338345864661654135338345865,0
89.2241353383458646616541353383458646616541353383459,0
89.4747368421052631578947368421052631578947368421053,0
89.7253383458646616541353383458646616541353383458647,0
89.9759398496240601503759398496240601503759398496241,0
90.2265413533834586466165413533834586466165413533835,0
90.4771428571428571428571428571428571428571428571429,0
90.7277443609022556390977443609022556390977443609023,0
90.9783458646616541353383458646616541353383458646617,0
91.2289473684210526315789473684210526315789473684211,0
91.4795488721804511278195488721804511278195488721805,0
91.7301503759398496240601503759398496240601503759398,0
91.9807518796992481203007518796992481203007518796992,0
92.2313533834586466165413533834586466165413533834586,0
92.481954887218045112781954887218045112781954887218,0
92.7325563909774436090225563909774436090225563909774,0
92.9831578947368421052631578947368421052631578947368,0
93.2337593984962406015037593984962406015037593984962,0
93.4843609022556390977443609022556390977443609022556,0
93.734962406015037593984962406015037593984962406015,0
93.9855639097744360902255639097744360902255639097744,0
94.2361654135338345864661654135338345864661654135338,0
94.4867669172932330827067669172932330827067669172932,0
94.7373684210526315789473684210526315789473684210526,0
94.987969924812030075187969924812030075187969924812,0
95.2385714285714285714285714285714285714285714285714,0
95.4891729323308270676691729323308270676691729323308,0
95.7397744360902255639097744360902255639097744360902,0
95.9903759398496240601503759398496240601503759398496,0
96.240977443609022556390977443609022556390977443609,0
96.4915789473684210526315789473684210526315789473684,0
96.7421804511278195488721804511278195488721804511278,0
96.9927819548872180451127819548872180451127819548872,0
97.2433834586466165413533834586466165413533834586466,0
97.493984962406015037593984962406015037593984962406,0
97.7445864661654135338345864661654135338345864661654,0
97.9951879699248120300751879699248120300751879699248,0
98.2457894736842105263157894736842105263157894736842,0
98.4963909774436090225563909774436090225563909774436,0
98.746992481203007518796992481203007518796992481203,0
98.9975939849624060150375939849624060150375939849624,0
99.2481954887218045112781954887218045112781954887218,0
99.4987969924812030075187969924812030075187969924812,0
99.7493984962406015037593984962406015037593984962406,0
100.,0
